0 0.500000 0.098476 0.584039 0.030474
0 0.500000 0.135158 0.083434 0.009594
1 0.499798 0.190886 0.789198 0.084368
0 0.153366 0.253950 0.094720 0.008465
1 0.288996 0.333521 0.367594 0.121332
0 0.202338 0.411823 0.192664 0.010440
1 0.288593 0.482929 0.365981 0.106941
0 0.223902 0.555023 0.237404 0.008465
1 0.289802 0.634312 0.368400 0.121332
0 0.255341 0.712895 0.298670 0.010440
1 0.706973 0.316591 0.363563 0.133747
0 0.607819 0.401100 0.162838 0.010440
1 0.706167 0.473335 0.361951 0.109199
0 0.567715 0.544582 0.083434 0.008465
1 0.709190 0.630079 0.367191 0.133747
